Starting process with command `node index.js`
2026-02-09T10:20:30.784423+00:00 app[web.1]: [STATUS HANDLER] ✅ Initialized successfully
2026-02-09T10:20:30.786126+00:00 app[web.1]: [35m[BOT] 2026-02-09T10:20:30.786Z - 🚀 Starting Silva MD v3.0.0[0m
2026-02-09T10:20:30.786160+00:00 app[web.1]: [36m[INFO] 2026-02-09T10:20:30.786Z - Mode: public[0m
2026-02-09T10:20:30.786187+00:00 app[web.1]: [36m[INFO] 2026-02-09T10:20:30.786Z - Owner: 254755257907[0m
2026-02-09T10:20:30.786205+00:00 app[web.1]: [36m[INFO] 2026-02-09T10:20:30.786Z - Prefix: .[0m
2026-02-09T10:20:30.787279+00:00 app[web.1]: [32m[SUCCESS] 2026-02-09T10:20:30.787Z - ✅ Session loaded successfully[0m
2026-02-09T10:20:30.788919+00:00 app[web.1]: 🌐 Server running on port 23567
2026-02-09T10:20:30.789476+00:00 app[web.1]: [36m[INFO] 2026-02-09T10:20:30.789Z - Found 44 plugin(s) in silvaxlab[0m
2026-02-09T10:20:30.789903+00:00 app[web.1]: [32m[SUCCESS] 2026-02-09T10:20:30.789Z - ✅ Loaded plugin: Linux[0m
2026-02-09T10:20:30.790244+00:00 app[web.1]: [32m[SUCCESS] 2026-02-09T10:20:30.790Z - ✅ Loaded plugin: Spotifysearch[0m
2026-02-09T10:20:30.790611+00:00 app[web.1]: [32m[SUCCESS] 2026-02-09T10:20:30.790Z - ✅ Loaded plugin: ai[0m
2026-02-09T10:20:30.790959+00:00 app[web.1]: [32m[SUCCESS] 2026-02-09T10:20:30.790Z - ✅ Loaded plugin: aio[0m
2026-02-09T10:20:30.791174+00:00 app[web.1]: [32m[SUCCESS] 2026-02-09T10:20:30.791Z - ✅ Loaded plugin: alive[0m
2026-02-09T10:20:30.791569+00:00 app[web.1]: [32m[SUCCESS] 2026-02-09T10:20:30.791Z - ✅ Loaded plugin: antidemote[0m
2026-02-09T10:20:30.791864+00:00 app[web.1]: [32m[SUCCESS] 2026-02-09T10:20:30.791Z - ✅ Loaded plugin: autostatus[0m
2026-02-09T10:20:30.792146+00:00 app[web.1]: [32m[SUCCESS] 2026-02-09T10:20:30.792Z - ✅ Loaded plugin: capcut[0m
2026-02-09T10:20:30.792512+00:00 app[web.1]: [32m[SUCCESS] 2026-02-09T10:20:30.792Z - ✅ Loaded plugin: channel[0m
2026-02-09T10:20:30.792959+00:00 app[web.1]: [32m[SUCCESS] 2026-02-09T10:20:30.792Z - ✅ Loaded plugin: compile[0m
2026-02-09T10:20:30.793267+00:00 app[web.1]: [32m[SUCCESS] 2026-02-09T10:20:30.793Z - ✅ Loaded plugin: element[0m
2026-02-09T10:20:30.793553+00:00 app[web.1]: [32m[SUCCESS] 2026-02-09T10:20:30.793Z - ✅ Loaded plugin: eval[0m
2026-02-09T10:20:31.015260+00:00 app[web.1]: [32m[SUCCESS] 2026-02-09T10:20:31.015Z - ✅ Loaded plugin: fb[0m
2026-02-09T10:20:31.015727+00:00 app[web.1]: [32m[SUCCESS] 2026-02-09T10:20:31.015Z - ✅ Loaded plugin: fetch[0m
2026-02-09T10:20:31.016008+00:00 app[web.1]: [32m[SUCCESS] 2026-02-09T10:20:31.015Z - ✅ Loaded plugin: gitclone[0m
2026-02-09T10:20:31.016588+00:00 app[web.1]: [32m[SUCCESS] 2026-02-09T10:20:31.016Z - ✅ Loaded plugin: group[0m
2026-02-09T10:20:31.016929+00:00 app[web.1]: [32m[SUCCESS] 2026-02-09T10:20:31.016Z - ✅ Loaded plugin: groupevent[0m
2026-02-09T10:20:31.131221+00:00 app[web.1]: [32m[SUCCESS] 2026-02-09T10:20:31.131Z - ✅ Loaded plugin: ig[0m
2026-02-09T10:20:31.131592+00:00 app[web.1]: [32m[SUCCESS] 2026-02-09T10:20:31.131Z - ✅ Loaded plugin: jid[0m
2026-02-09T10:20:31.131989+00:00 app[web.1]: [32m[SUCCESS] 2026-02-09T10:20:31.131Z - ✅ Loaded plugin: lyrics[0m
2026-02-09T10:20:31.132297+00:00 app[web.1]: [32m[SUCCESS] 2026-02-09T10:20:31.132Z - ✅ Loaded plugin: menu[0m
2026-02-09T10:20:31.133064+00:00 app[web.1]: [32m[SUCCESS] 2026-02-09T10:20:31.133Z - ✅ Loaded plugin: moderation[0m
2026-02-09T10:20:31.133738+00:00 app[web.1]: [32m[SUCCESS] 2026-02-09T10:20:31.133Z - ✅ Loaded plugin: movie[0m
2026-02-09T10:20:31.134016+00:00 app[web.1]: [32m[SUCCESS] 2026-02-09T10:20:31.133Z - ✅ Loaded plugin: music[0m
2026-02-09T10:20:31.134360+00:00 app[web.1]: [32m[SUCCESS] 2026-02-09T10:20:31.134Z - ✅ Loaded plugin: ping[0m
2026-02-09T10:20:31.134896+00:00 app[web.1]: [32m[SUCCESS] 2026-02-09T10:20:31.134Z - ✅ Loaded plugin: pri[0m
2026-02-09T10:20:31.135296+00:00 app[web.1]: [32m[SUCCESS] 2026-02-09T10:20:31.135Z - ✅ Loaded plugin: privacy[0m
2026-02-09T10:20:31.135505+00:00 app[web.1]: [32m[SUCCESS] 2026-02-09T10:20:31.135Z - ✅ Loaded plugin: reactch[0m
2026-02-09T10:20:31.135781+00:00 app[web.1]: [32m[SUCCESS] 2026-02-09T10:20:31.135Z - ✅ Loaded plugin: repo[0m
2026-02-09T10:20:31.136144+00:00 app[web.1]: [32m[SUCCESS] 2026-02-09T10:20:31.136Z - ✅ Loaded plugin: run[0m
2026-02-09T10:20:31.136363+00:00 app[web.1]: [32m[SUCCESS] 2026-02-09T10:20:31.136Z - ✅ Loaded plugin: runtime[0m
2026-02-09T10:20:31.136560+00:00 app[web.1]: [32m[SUCCESS] 2026-02-09T10:20:31.136Z - ✅ Loaded plugin: settings[0m
2026-02-09T10:20:31.136861+00:00 app[web.1]: [32m[SUCCESS] 2026-02-09T10:20:31.136Z - ✅ Loaded plugin: short[0m
2026-02-09T10:20:31.137031+00:00 app[web.1]: [32m[SUCCESS] 2026-02-09T10:20:31.137Z - ✅ Loaded plugin: status[0m
2026-02-09T10:20:31.137188+00:00 app[web.1]: [32m[SUCCESS] 2026-02-09T10:20:31.137Z - ✅ Loaded plugin: sticker[0m
2026-02-09T10:20:31.137369+00:00 app[web.1]: [32m[SUCCESS] 2026-02-09T10:20:31.137Z - ✅ Loaded plugin: tagall[0m
2026-02-09T10:20:31.137688+00:00 app[web.1]: [32m[SUCCESS] 2026-02-09T10:20:31.137Z - ✅ Loaded plugin: tiktok[0m
2026-02-09T10:20:31.142815+00:00 app[web.1]: [32m[SUCCESS] 2026-02-09T10:20:31.142Z - ✅ Loaded plugin: togstatus[0m
2026-02-09T10:20:31.143105+00:00 app[web.1]: [32m[SUCCESS] 2026-02-09T10:20:31.143Z - ✅ Loaded plugin: tourl[0m
2026-02-09T10:20:31.143352+00:00 app[web.1]: [32m[SUCCESS] 2026-02-09T10:20:31.143Z - ✅ Loaded plugin: translate[0m
2026-02-09T10:20:31.143663+00:00 app[web.1]: [32m[SUCCESS] 2026-02-09T10:20:31.143Z - ✅ Loaded plugin: virus[0m
2026-02-09T10:20:31.143904+00:00 app[web.1]: [32m[SUCCESS] 2026-02-09T10:20:31.143Z - ✅ Loaded plugin: vv[0m
2026-02-09T10:20:31.144120+00:00 app[web.1]: [32m[SUCCESS] 2026-02-09T10:20:31.144Z - ✅ Loaded plugin: weather[0m
2026-02-09T10:20:31.144351+00:00 app[web.1]: [32m[SUCCESS] 2026-02-09T10:20:31.144Z - ✅ Loaded plugin: yts[0m
2026-02-09T10:20:31.224341+00:00 app[web.1]: [32m[SUCCESS] 2026-02-09T10:20:31.224Z - ✅ Bot initialized[0m
2026-02-09T10:20:31.224486+00:00 app[web.1]: 🔧 Setting up Antidelete Handler...
2026-02-09T10:20:31.224488+00:00 app[web.1]: ✅ Antidelete Handler Setup Complete
2026-02-09T10:20:31.489946+00:00 heroku[web.1]: State changed from starting to up
2026-02-09T10:20:30.519930+00:00 app[web.1]: ╔═══════════════════════════════════════╗║                                       ║║         SILVA MD BOT v3.0             ║║        Advanced WhatsApp Bot          ║║        with Plugin System             ║║            SYLIVANUS                  ║╚═══════════════════════════════════════╝
2026-02-09T10:20:30.526915+00:00 app[web.1]: ╔══════════════════════════════════════════╗
2026-02-09T10:20:30.526985+00:00 app[web.1]: ║ 🦄 THANK YOU FOR USING DGXEON BAILEYS 🦄 
2026-02-09T10:20:30.527094+00:00 app[web.1]: ╚══════════════════════════════════════════╝
2026-02-09T10:20:30.527094+00:00 app[web.1]: 
2026-02-09T10:20:30.527141+00:00 app[web.1]:            🌐 CONNECT WITH ME:
2026-02-09T10:20:30.527141+00:00 app[web.1]: 
2026-02-09T10:20:30.527218+00:00 app[web.1]: 📱 Telegram   : @dgxeon13
2026-02-09T10:20:30.527262+00:00 app[web.1]: 💻 GitHub     : @dgxeon13
2026-02-09T10:20:30.527341+00:00 app[web.1]: 🎥 YouTube    : @dgxeon
2026-02-09T10:20:30.527384+00:00 app[web.1]: 📸 Instagram  : @unicorn_xeon13
2026-02-09T10:20:30.527435+00:00 app[web.1]: 💬 WhatsApp   : +916909137213
2026-02-09T10:20:30.527435+00:00 app[web.1]: 
2026-02-09T10:20:30.527582+00:00 app[web.1]: ╚══════════════════════════════════════════╝
2026-02-09T10:20:31.735397+00:00 app[web.1]: [32m[SUCCESS] 2026-02-09T10:20:31.735Z - 🔗 Connected to WhatsApp[0m
2026-02-09T10:20:31.735552+00:00 app[web.1]: [36m[INFO] 2026-02-09T10:20:31.735Z - 🤖 Bot connected as: 254755257907[0m
2026-02-09T10:20:32.957241+00:00 app[web.1]: [36m[INFO] 2026-02-09T10:20:32.957Z - Test message sent to detect LID[0m
2026-02-09T10:20:33.749112+00:00 app[web.1]: [34m[MESSAGE] 2026-02-09T10:20:33.749Z - 📤 Sending message to: 254755257907@s.whatsapp.net[0m
2026-02-09T10:20:33.753271+00:00 app[web.1]: [34m[MESSAGE] 2026-02-09T10:20:33.753Z - ✅ Message sent successfully to: 254755257907@s.whatsapp.net[0m
2026-02-09T10:20:33.753297+00:00 app[web.1]: [36m[INFO] 2026-02-09T10:20:33.753Z - Sent connected message to owner(s)[0m
2026-02-09T10:20:35.240283+00:00 app[web.1]: {"level":50,"time":1770632435239,"pid":2,"hostname":"157b3caf-4fe6-4831-bd40-0f36d3e3d6df","key":{"remoteJid":"120363406148418098@g.us","fromMe":false,"id":"A58AA901E1CA569FCE4CE22F3214CF69","participant":"41511009972375@lid"},"err":{"type":"Error","message":"No session found to decrypt message","stack":"Error: No session found to decrypt message\n    at Object.awaitable (/app/node_modules/@whiskeysockets/baileys/lib/Signal/Group/group_cipher.js:45:23)\n    at async _asyncQueueExecutor (/app/node_modules/@whiskeysockets/baileys/lib/Signal/Group/queue-job.js:14:29)"},"msg":"failed to decrypt message"}
2026-02-09T10:20:35.474899+00:00 app[web.1]: {"level":50,"time":1770632435474,"pid":2,"hostname":"157b3caf-4fe6-4831-bd40-0f36d3e3d6df","key":{"remoteJid":"120363406148418098@g.us","fromMe":false,"id":"ACD913631212BDC70B3E7C0F50AD767D","participant":"259940681805899@lid"},"err":{"type":"Error","message":"No session found to decrypt message","stack":"Error: No session found to decrypt message\n    at Object.awaitable (/app/node_modules/@whiskeysockets/baileys/lib/Signal/Group/group_cipher.js:45:23)\n    at async _asyncQueueExecutor (/app/node_modules/@whiskeysockets/baileys/lib/Signal/Group/queue-job.js:14:29)"},"msg":"failed to decrypt message"}
2026-02-09T10:20:35.638552+00:00 app[web.1]: {"level":50,"time":1770632435638,"pid":2,"hostname":"157b3caf-4fe6-4831-bd40-0f36d3e3d6df","error":{"data":429,"isBoom":true,"isServer":true,"output":{"statusCode":500,"payload":{"statusCode":500,"error":"Internal Server Error","message":"An internal server error occurred"},"headers":{}}},"node":{"tag":"message","attrs":{"from":"120363362839073981@g.us","type":"text","id":"DREADED-0756B3552494920BEF","participant":"17584216924380:71@lid","offline":"0","participant_pn":"254106727593@s.whatsapp.net","notify":"Ibrahim Adams","addressing_mode":"lid","t":"1770574573"},"content":[{"tag":"enc","attrs":{"v":"2","type":"pkmsg"},"content":{"type":"Buffer","data":[51,18,33,5,12,104,148,160,37,102,242,114,195,16,244,27,150,68,183,102,64,253,87,55,253,123,227,179,252,177,5,238,75,182,24,91,26,33,5,2,30,83,200,59,191,26,8,64,102,245,26,222,163,235,231,8,69,69,66,180,102,31,186,0,162,136,60,119,20,88,93,34,179,1,51,10,33,5,244,210,194,173,106,219,101,17,98,63,101,168,226,73,99,129,145,203,139,112,159,191,158,60,126,129,231,118,46,190,27,75,16,104,24,0,34,128,1,215,227,89,229,71,151,198,71,39,170,99,203,127,141,158,227,26,135,104,191,255,227,189,94,153,35,102,60,5,116,105,12,11,103,205,210,18,148,141,211,98,187,104,15,19,249,67,7,69,8,246,6,252,135,75,145,173,224,246,255,139,111,167,174,92,126,17,173,228,230,88,183,11,182,95,16,201,90,93,127,157,192,99,153,213,254,136,114,197,50,172,117,63,224,124,66,128,214,134,21,230,181,8,98,11,97,66,134,133,248,146,3,35,61,203,109,3,32,53,43,230,19,249,27,245,149,48,163,171,59,96,43,31,78,65,220,40,22,48,1]}},{"tag":"reporting","attrs":{},"content":[{"tag":"reporting_tag","attrs":{},"content":{"type":"Buffer","data":[1,15,194,152,159,35,220,146,117,233,244,78,228,127,9,142]}}]},{"tag":"device-identity","attrs":{},"content":{"type":"Buffer","data":[10,18,8,134,229,220,130,1,16,241,192,157,204,6,24,1,32,0,40,0,18,32,234,135,21,90,50,33,155,144,3,85,170,16,156,4,198,132,148,56,207,16,172,51,118,169,244,166,198,175,140,127,106,102,26,64,210,159,195,113,95,129,67,244,35,126,61,40,195,187,10,163,9,55,7,247,229,231,25,2,4,237,61,125,58,151,27,161,117,78,15,167,82,74,44,182,76,128,144,129,208,8,67,255,29,183,146,77,141,107,156,191,79,93,195,75,15,1,89,4,34,64,173,213,91,201,119,139,158,248,27,30,73,77,43,114,23,15,75,244,168,89,112,156,57,156,234,249,188,106,255,236,185,158,170,215,151,133,154,10,216,123,246,120,37,88,255,144,100,94,223,186,114,11,148,217,63,185,245,21,105,162,58,134,193,142]}},{"tag":"enc","attrs":{"v":"2","type":"skmsg"},"content":{"type":"Buffer","data":[51,8,200,205,179,251,5,16,216,4,26,160,1,207,6,207,96,165,225,14,60,136,166,115,97,204,6,98,126,19,99,69,34,202,25,208,180,188,12,255,48,67,255,34,246,199,50,17,83,164,126,39,24,225,51,22,97,0,125,66,70,209,29,224,188,85,161,186,185,161,59,211,205,13,193,61,191,241,174,168,104,43,36,152,35,83,220,22,22,15,213,130,72,141,55,62,125,184,79,177,106,30,77,30,167,70,211,69,137,69,75,254,239,64,110,174,144,87,49,185,75,84,196,148,37,161,174,72,73,36,120,27,155,209,102,82,13,143,81,8,21,34,98,77,119,184,210,123,169,122,176,1,61,149,3,8,213,12,252,200,177,113,220,158,19,3,243,184,113,179,155,134,171,167,140,92,179,167,82,32,53,1,199,87,79,183,14,80,58,172,255,20,48,41,28,226,159,140,197,60,202,70,204,88,114,169,249,114,226,227,242,95,105,10,89,128,56,46,39,135,8,90,0,243,245,208,160,213,18,38,7,13,2,98,229,185,141]}}]},"msg":"error in handling message"}
2026-02-09T10:20:35.736267+00:00 app[web.1]: {"level":50,"time":1770632435736,"pid":2,"hostname":"157b3caf-4fe6-4831-bd40-0f36d3e3d6df","error":{"data":429,"isBoom":true,"isServer":true,"output":{"statusCode":500,"payload":{"statusCode":500,"error":"Internal Server Error","message":"An internal server error occurred"},"headers":{}}},"node":{"tag":"message","attrs":{"from":"120363362839073981@g.us","type":"text","id":"DREADED-F7F743A4508FDEBEA1","participant":"17584216924380:71@lid","offline":"0","participant_pn":"254106727593@s.whatsapp.net","notify":"Ibrahim Adams","addressing_mode":"lid","t":"1770574584"},"content":[{"tag":"enc","attrs":{"v":"2","type":"pkmsg"},"content":{"type":"Buffer","data":[51,18,33,5,12,104,148,160,37,102,242,114,195,16,244,27,150,68,183,102,64,253,87,55,253,123,227,179,252,177,5,238,75,182,24,91,26,33,5,2,30,83,200,59,191,26,8,64,102,245,26,222,163,235,231,8,69,69,66,180,102,31,186,0,162,136,60,119,20,88,93,34,179,1,51,10,33,5,244,210,194,173,106,219,101,17,98,63,101,168,226,73,99,129,145,203,139,112,159,191,158,60,126,129,231,118,46,190,27,75,16,109,24,0,34,128,1,131,116,51,120,14,125,223,64,214,10,199,213,115,155,87,242,31,23,174,96,248,163,239,158,204,222,84,138,153,218,44,187,227,160,246,65,96,16,111,235,19,242,210,100,98,245,205,216,192,179,14,137,208,224,48,60,0,82,9,164,20,138,221,219,76,32,202,57,115,150,49,30,117,162,69,57,142,188,251,27,201,159,101,205,208,125,116,44,54,234,19,229,198,197,97,70,14,34,229,228,49,191,51,23,225,234,24,189,169,195,62,179,126,40,29,95,22,143,208,27,124,61,168,195,170,226,34,168,77,0,63,178,39,9,137,173,40,22,48,1]}},{"tag":"reporting","attrs":{},"content":[{"tag":"reporting_tag","attrs":{},"content":{"type":"Buffer","data":[1,15,11,197,101,128,91,212,123,38,5,60,67,178,8,184]}}]},{"tag":"device-identity","attrs":{},"content":{"type":"Buffer","data":[10,18,8,134,229,220,130,1,16,241,192,157,204,6,24,1,32,0,40,0,18,32,234,135,21,90,50,33,155,144,3,85,170,16,156,4,198,132,148,56,207,16,172,51,118,169,244,166,198,175,140,127,106,102,26,64,210,159,195,113,95,129,67,244,35,126,61,40,195,187,10,163,9,55,7,247,229,231,25,2,4,237,61,125,58,151,27,161,117,78,15,167,82,74,44,182,76,128,144,129,208,8,67,255,29,183,146,77,141,107,156,191,79,93,195,75,15,1,89,4,34,64,173,213,91,201,119,139,158,248,27,30,73,77,43,114,23,15,75,244,168,89,112,156,57,156,234,249,188,106,255,236,185,158,170,215,151,133,154,10,216,123,246,120,37,88,255,144,100,94,223,186,114,11,148,217,63,185,245,21,105,162,58,134,193,142]}},{"tag":"enc","attrs":{"v":"2","type":"skmsg"},"content":{"type":"Buffer","data":[51,8,200,205,179,251,5,16,226,4,26,128,1,194,221,17,96,134,7,128,29,1,169,80,10,251,131,134,242,68,19,26,82,219,63,149,150,89,72,115,253,113,83,218,102,246,164,207,178,160,63,184,130,26,197,177,117,243,0,175,118,190,251,71,33,109,146,156,94,66,209,151,227,164,40,22,197,104,37,95,26,135,161,17,38,190,164,23,79,117,70,236,40,54,122,72,254,194,248,142,130,215,75,41,223,131,251,213,81,118,69,124,146,198,66,131,157,26,92,96,81,73,95,97,105,59,70,20,205,113,67,200,8,206,124,31,222,4,103,96,163,94,250,70,199,188,1,254,106,62,225,103,243,134,209,152,22,245,252,63,19,135,177,71,210,97,60,128,158,183,105,248,213,95,204,253,58,163,234,131,119,152,19,26,244,90,128,81,69,209,157,107,233,44,186,240,168,101,197,233,202,84,110,20,140]}}]},"msg":"error in handling message"}
2026-02-09T10:20:35.944826+00:00 app[web.1]: {"level":50,"time":1770632435944,"pid":2,"hostname":"157b3caf-4fe6-4831-bd40-0f36d3e3d6df","error":{"data":429,"isBoom":true,"isServer":true,"output":{"statusCode":500,"payload":{"statusCode":500,"error":"Internal Server Error","message":"An internal server error occurred"},"headers":{}}},"node":{"tag":"message","attrs":{"from":"120363362839073981@g.us","type":"text","id":"DREADED-009D2590615E009A29","participant":"17584216924380:71@lid","offline":"0","participant_pn":"254106727593@s.whatsapp.net","notify":"Ibrahim Adams","addressing_mode":"lid","t":"1770574599"},"content":[{"tag":"enc","attrs":{"v":"2","type":"pkmsg"},"content":{"type":"Buffer","data":[51,18,33,5,12,104,148,160,37,102,242,114,195,16,244,27,150,68,183,102,64,253,87,55,253,123,227,179,252,177,5,238,75,182,24,91,26,33,5,2,30,83,200,59,191,26,8,64,102,245,26,222,163,235,231,8,69,69,66,180,102,31,186,0,162,136,60,119,20,88,93,34,179,1,51,10,33,5,244,210,194,173,106,219,101,17,98,63,101,168,226,73,99,129,145,203,139,112,159,191,158,60,126,129,231,118,46,190,27,75,16,116,24,0,34,128,1,242,82,92,132,105,85,27,42,77,228,217,43,63,220,122,79,183,71,191,84,206,244,148,0,55,37,171,189,9,168,20,198,174,122,251,176,23,209,231,33,213,67,103,126,229,90,135,172,41,128,116,178,173,19,242,53,255,118,57,125,21,239,86,62,177,121,241,70,11,84,134,75,168,136,92,245,75,172,205,244,64,43,43,136,89,219,44,156,58,177,130,144,226,99,6,146,219,85,81,18,103,222,39,16,201,95,84,175,134,175,190,70,114,127,72,83,49,0,120,104,39,192,170,251,6,12,174,199,163,118,138,183,52,164,219,160,40,22,48,1]}},{"tag":"reporting","attrs":{},"content":[{"tag":"reporting_tag","attrs":{},"content":{"type":"Buffer","data":[1,15,69,78,12,92,75,247,179,218,45,176,237,10,243,113]}}]},{"tag":"device-identity","attrs":{},"content":{"type":"Buffer","data":[10,18,8,134,229,220,130,1,16,241,192,157,204,6,24,1,32,0,40,0,18,32,234,135,21,90,50,33,155,144,3,85,170,16,156,4,198,132,148,56,207,16,172,51,118,169,244,166,198,175,140,127,106,102,26,64,210,159,195,113,95,129,67,244,35,126,61,40,195,187,10,163,9,55,7,247,229,231,25,2,4,237,61,125,58,151,27,161,117,78,15,167,82,74,44,182,76,128,144,129,208,8,67,255,29,183,146,77,141,107,156,191,79,93,195,75,15,1,89,4,34,64,173,213,91,201,119,139,158,248,27,30,73,77,43,114,23,15,75,244,168,89,112,156,57,156,234,249,188,106,255,236,185,158,170,215,151,133,154,10,216,123,246,120,37,88,255,144,100,94,223,186,114,11,148,217,63,185,245,21,105,162,58,134,193,142]}},{"tag":"enc","attrs":{"v":"2","type":"skmsg"},"content":{"type":"Buffer","data":[51,8,200,205,179,251,5,16,240,4,26,144,6,252,173,167,151,241,47,158,10,254,60,2,223,152,228,197,253,172,14,94,33,144,149,200,153,148,68,153,111,202,66,139,174,1,68,25,252,151,44,184,87,134,241,107,6,57,205,152,148,174,124,43,47,81,40,91,102,1,138,104,0,109,156,111,31,168,229,191,133,171,10,239,220,162,105,133,247,188,157,145,175,215,190,24,232,137,66,252,69,239,150,61,142,138,168,170,174,4,88,17,126,45,111,59,123,199,222,238,208,209,66,53,221,9,72,232,195,187,43,41,236,79,135,146,51,177,234,220,165,137,195,21,167,52,77,74,230,130,156,56,84,135,212,157,137,209,21,153,117,160,109,60,202,170,229,80,208,117,12,97,196,251,245,5,231,204,26,100,109,44,250,200,187,39,70,210,186,226,138,37,171,238,41,233,185,56,226,12,21,68,238,247,213,131,69,144,138,186,157,235,65,198,206,212,119,23,238,94,42,85,140,29,213,123,208,107,179,230,162,0,211,6,97,200,58,178,155,225,80,79,98,3,212,49,33,239,195,30,38,24,232,202,0,255,139,117,160,108,83,124,91,228,84,125,150,86,168,237,161,96,139,236,148,222,182,159,210,12,112,227,235,163,24,140,223,80,101,8,20,83,183,114,153,42,72,60,137,130,249,137,6,47,216,6,15,164,226,91,51,136,66,110,229,228,9,138,37,132,115,156,64,69,165,64,224,52,119,43,135,101,201,112,253,234,56,58,222,200,56,228,95,71,145,162,143,172,175,69,62,128,242,174,8,33,121,93,8,115,64,153,214,253,160,249,154,117,23,167,202,140,237,235,57,158,211,159,214,189,219,186,229,142,223,57,27,18,90,104,40,61,235,236,134,124,232,38,29,136,0,3,239,164,112,13,26,82,104,138,124,217,216,112,35,111,55,95,221,35,85,91,70,38,142,132,69,136,86,136,60,162,149,140,105,129,144,227,53,195,249,212,252,174,147,51,12,9,230,101,83,197,220,109,24,93,121,221,28,195,0,101,165,41,114,190,89,250,115,39,154,21,225,46,29,148,50,200,37,161,13,144,251,98,61,183,156,77,23,12,229,203,193,44,242,28,60,252,213,6,213,9,253,131,170,128,217,38,212,125,58,16,137,171,77,205,63,228,157,51,110,56,34,208,231,68,22,110,68,33,208,121,0,87,141,40,144,184,107,201,126,142,94,214,43,95,236,148,18,20,81,85,157,115,242,2,185,8,15,208,107,206,82,6,51,176,174,89,240,76,82,41,224,201,147,138,41,126,17,180,179,38,78,191,190,176,110,163,227,51,94,26,106,95,38,70,146,142,240,171,88,209,40,23,152,15,201,253,79,180,17,90,35,214,167,160,46,144,68,231,78,119,119,160,162,48,18,134,50,18,42,36,25,217,125,112,2,70,211,36,230,35,38,202,59,86,172,43,141,132,157,144,210,21,96,53,194,47,42,203,160,230,42,183,1,60,17,166,36,64,135,193,16,200,238,195,150,156,96,208,217,161,36,35,201,254,183,201,131,202,192,22,0,118,88,23,155,67,254,209,133,72,13,246,210,231,85,90,159,125,202,115,28,162,109,168,103,167,16,230,35,128,86,39,187,37,127,88,242,153,50,148,110,166,18,179,143,194,194,99,202,90,19,166,33,162,32,31,107,70,216,108,156,140,231,3,250,253,74,42,255,29,245,82,191,64,9,20,252,44,42,168,82,224,46,226,20,147,60,52,10,220,220,84,182,73,15,161,249,227,185,48,16,223,50,247,246,60,67,125,237,154,160,42,177,218,39,235,173,247,163,201,139,67,149,208,229,132,83,243,185,1,4,29,230,185,84,6,195,35,84,201,51,102,224,147,39,77,244,13,25,232,53,232,190,129,10,238,14,54,3,149,126,232,59,4,120,217,149,89,137]}}]},"msg":"error in handling message"}
2026-02-09T10:20:35.986866+00:00 app[web.1]: {"level":50,"time":1770632435986,"pid":2,"hostname":"157b3caf-4fe6-4831-bd40-0f36d3e3d6df","error":{"data":429,"isBoom":true,"isServer":true,"output":{"statusCode":500,"payload":{"statusCode":500,"error":"Internal Server Error","message":"An internal server error occurred"},"headers":{}}},"node":{"tag":"message","attrs":{"from":"120363362839073981@g.us","type":"text","id":"DREADED-90F073BC0E56C3AF90","participant":"17584216924380:71@lid","offline":"0","participant_pn":"254106727593@s.whatsapp.net","notify":"Ibrahim Adams","addressing_mode":"lid","t":"1770574601"},"content":[{"tag":"enc","attrs":{"v":"2","type":"pkmsg"},"content":{"type":"Buffer","data":[51,18,33,5,12,104,148,160,37,102,242,114,195,16,244,27,150,68,183,102,64,253,87,55,253,123,227,179,252,177,5,238,75,182,24,91,26,33,5,2,30,83,200,59,191,26,8,64,102,245,26,222,163,235,231,8,69,69,66,180,102,31,186,0,162,136,60,119,20,88,93,34,162,1,51,10,33,5,244,210,194,173,106,219,101,17,98,63,101,168,226,73,99,129,145,203,139,112,159,191,158,60,126,129,231,118,46,190,27,75,16,117,24,0,34,112,251,117,170,216,171,49,186,80,101,81,97,171,54,19,156,128,112,240,132,1,206,104,227,35,155,207,207,142,85,203,15,168,27,55,18,115,39,19,4,53,154,136,40,72,134,75,107,41,92,17,19,15,80,190,249,104,145,124,170,198,140,17,5,30,208,3,166,105,229,249,209,105,28,72,0,153,181,170,22,56,168,173,34,240,84,131,249,180,180,211,195,80,185,89,216,52,225,146,215,24,240,166,114,169,53,144,68,64,204,29,58,61,176,217,129,206,94,30,162,45,40,22,48,1]}},{"tag":"reporting","attrs":{},"content":[{"tag":"reporting_tag","attrs":{},"content":{"type":"Buffer","data":[1,15,32,95,151,130,159,96,56,214,132,4,132,104,56,62]}}]},{"tag":"device-identity","attrs":{},"content":{"type":"Buffer","data":[10,18,8,134,229,220,130,1,16,241,192,157,204,6,24,1,32,0,40,0,18,32,234,135,21,90,50,33,155,144,3,85,170,16,156,4,198,132,148,56,207,16,172,51,118,169,244,166,198,175,140,127,106,102,26,64,210,159,195,113,95,129,67,244,35,126,61,40,195,187,10,163,9,55,7,247,229,231,25,2,4,237,61,125,58,151,27,161,117,78,15,167,82,74,44,182,76,128,144,129,208,8,67,255,29,183,146,77,141,107,156,191,79,93,195,75,15,1,89,4,34,64,173,213,91,201,119,139,158,248,27,30,73,77,43,114,23,15,75,244,168,89,112,156,57,156,234,249,188,106,255,236,185,158,170,215,151,133,154,10,216,123,246,120,37,88,255,144,100,94,223,186,114,11,148,217,63,185,245,21,105,162,58,134,193,142]}},{"tag":"enc","attrs":{"v":"2","type":"skmsg"},"content":{"type":"Buffer","data":[51,8,200,205,179,251,5,16,242,4,26,224,2,148,160,14,239,233,232,143,81,15,248,103,31,132,0,217,166,148,105,70,26,67,200,0,183,113,170,135,52,26,66,22,105,227,161,24,11,195,13,178,213,249,212,27,218,181,155,222,133,226,150,243,251,14,4,236,43,236,236,101,143,165,149,143,45,105,213,105,227,56,134,184,253,176,7,200,71,177,69,103,181,36,252,177,153,8,53,96,239,165,183,22,179,86,228,113,205,10,26,202,137,221,147,227,245,156,65,148,43,193,0,191,221,43,152,221,58,138,156,130,10,16,9,100,238,109,166,10,166,235,134,197,210,33,234,58,85,14,74,97,13,131,107,62,180,177,186,78,101,113,198,99,79,43,170,47,177,46,133,147,101,73,84,199,222,223,17,164,99,194,162,33,158,25,53,186,37,41,65,173,22,35,118,246,135,131,166,17,159,220,141,17,34,40,23,174,22,246,67,171,137,146,27,82,132,110,86,106,68,33,50,213,28,86,36,146,229,61,185,75,138,6,98,167,2,71,122,134,243,142,28,63,74,177,146,125,240,144,195,220,156,56,208,108,235,28,174,167,126,19,98,186,79,107,47,6,38,1,8,46,113,64,71,142,169,184,188,225,129,221,225,3,184,111,95,232,88,231,172,131,107,8,81,59,22,198,52,27,89,96,132,78,145,73,220,69,55,176,44,174,138,119,73,110,49,166,234,182,243,82,175,186,215,71,101,3,101,31,11,138,19,164,121,93,37,60,135,220,131,147,40,160,69,231,112,195,31,254,37,226,111,10,220,167,249,82,39,154,12,134,121,47,166,33,15,240,101,110,66,69,149,197,167,245,48,129,208,235,19,159,16,83,46,124,84,99,242,153,150,129,107,52,163,152,51,217,200,4,10,154,103,158,99,27,3,38,57,220,92,233,89,30,142,208,123,145,191,87,135,233,194,167,40,104,25,21,137]}}]},"msg":"error in handling message"}
2026-02-09T10:20:36.025931+00:00 app[web.1]: {"level":50,"time":1770632436025,"pid":2,"hostname":"157b3caf-4fe6-4831-bd40-0f36d3e3d6df","error":{"data":429,"isBoom":true,"isServer":true,"output":{"statusCode":500,"payload":{"statusCode":500,"error":"Internal Server Error","message":"An internal server error occurred"},"headers":{}}},"node":{"tag":"message","attrs":{"from":"120363362839073981@g.us","type":"text","id":"DREADED-FBAB92573D9A2D9E03","participant":"17584216924380:71@lid","offline":"0","participant_pn":"254106727593@s.whatsapp.net","notify":"Ibrahim Adams","addressing_mode":"lid","t":"1770574603"},"content":[{"tag":"enc","attrs":{"v":"2","type":"pkmsg"},"content":{"type":"Buffer","data":[51,18,33,5,12,104,148,160,37,102,242,114,195,16,244,27,150,68,183,102,64,253,87,55,253,123,227,179,252,177,5,238,75,182,24,91,26,33,5,2,30,83,200,59,191,26,8,64,102,245,26,222,163,235,231,8,69,69,66,180,102,31,186,0,162,136,60,119,20,88,93,34,179,1,51,10,33,5,244,210,194,173,106,219,101,17,98,63,101,168,226,73,99,129,145,203,139,112,159,191,158,60,126,129,231,118,46,190,27,75,16,118,24,0,34,128,1,231,224,44,189,161,188,74,112,30,86,78,54,131,229,141,44,190,194,52,111,103,152,179,168,175,9,41,151,26,188,171,123,120,69,9,164,76,204,183,40,177,16,227,81,94,85,134,253,129,131,26,238,131,25,173,68,202,2,23,194,69,121,129,155,178,204,32,114,156,120,75,222,153,88,104,57,101,223,25,175,161,35,99,193,229,61,78,21,144,100,6,133,57,163,225,113,215,116,152,34,124,97,65,151,69,170,60,207,188,39,49,168,94,59,125,5,3,188,86,85,76,203,53,183,160,151,76,218,193,41,26,57,109,55,131,30,40,22,48,1]}},{"tag":"reporting","attrs":{},"content":[{"tag":"reporting_tag","attrs":{},"content":{"type":"Buffer","data":[1,15,23,86,107,137,74,10,6,17,183,131,188,171,63,244]}}]},{"tag":"device-identity","attrs":{},"content":{"type":"Buffer","data":[10,18,8,134,229,220,130,1,16,241,192,157,204,6,24,1,32,0,40,0,18,32,234,135,21,90,50,33,155,144,3,85,170,16,156,4,198,132,148,56,207,16,172,51,118,169,244,166,198,175,140,127,106,102,26,64,210,159,195,113,95,129,67,244,35,126,61,40,195,187,10,163,9,55,7,247,229,231,25,2,4,237,61,125,58,151,27,161,117,78,15,167,82,74,44,182,76,128,144,129,208,8,67,255,29,183,146,77,141,107,156,191,79,93,195,75,15,1,89,4,34,64,173,213,91,201,119,139,158,248,27,30,73,77,43,114,23,15,75,244,168,89,112,156,57,156,234,249,188,106,255,236,185,158,170,215,151,133,154,10,216,123,246,120,37,88,255,144,100,94,223,186,114,11,148,217,63,185,245,21,105,162,58,134,193,142]}},{"tag":"enc","attrs":{"v":"2","type":"skmsg"},"content":{"type":"Buffer","data":[51,8,200,205,179,251,5,16,244,4,26,144,3,98,2,129,213,36,105,83,231,253,170,222,166,120,156,213,165,163,213,144,84,22,68,30,125,58,92,186,94,52,186,103,103,11,9,150,215,66,116,79,105,19,59,181,48,249,116,211,125,67,9,102,87,141,80,143,154,206,38,29,52,246,203,171,138,68,118,36,254,237,132,169,176,28,43,1,77,171,65,201,234,7,138,229,18,27,106,248,135,246,160,97,113,0,190,65,225,79,33,133,89,28,179,209,232,22,81,221,83,210,101,150,49,223,152,86,238,17,29,200,108,141,247,74,201,122,22,134,115,117,249,70,46,138,90,200,66,116,35,72,64,109,183,209,30,21,198,55,167,112,74,31,161,16,25,117,0,9,137,74,180,236,141,109,31,76,47,136,56,58,148,188,222,238,167,112,64,112,248,120,59,136,119,31,112,214,221,70,148,170,17,111,128,46,81,117,100,158,98,119,14,83,122,45,158,80,206,249,177,4,208,202,163,17,140,26,145,127,193,122,96,129,149,233,169,145,40,229,35,231,58,144,251,101,86,225,224,222,85,237,113,78,126,244,212,9,18,19,163,253,130,26,115,62,172,147,114,216,40,216,115,76,158,80,139,182,122,218,244,81,95,151,23,145,113,183,115,39,72,10,41,227,33,228,90,136,86,183,85,22,13,88,66,106,146,29,178,131,146,121,138,178,190,132,8,150,159,148,173,150,41,179,173,140,129,74,210,181,116,231,232,18,152,20,26,148,3,184,187,200,70,11,223,91,67,35,109,82,21,241,215,84,202,130,213,56,201,170,3,52,173,236,185,72,132,37,21,183,71,210,118,195,222,251,252,196,228,102,87,189,253,90,185,98,219,83,86,174,172,80,115,14,179,93,134,243,213,95,19,49,78,248,35,28,41,99,254,64,115,68,3,44,164,128,61,28,43,52,72,50,27,67,74,131,45,177,238,90,58,84,138,108,183,209,185,242,131,28,29,174,77,117,58,52,61,140,150,60,141,132,111,29,224,20,252,148,248,27,112,56,125,145,130,78,14,51,75,91,108,43,54,199,25,97,136]}}]},"msg":"error in handling message"}
2026-02-09T10:20:36.027007+00:00 app[web.1]: {"level":50,"time":1770632436026,"pid":2,"hostname":"157b3caf-4fe6-4831-bd40-0f36d3e3d6df","key":{"remoteJid":"81712071631074@lid","fromMe":true,"id":"A52E5CC919EF397EF130499E542FDD12"},"err":{"type":"SessionError","message":"No session record","stack":"SessionError: No session record\n    at 96048907305193.0 [as awaitable] (/app/node_modules/libsignal/src/session_cipher.js:165:23)\n    at async execute (/app/node_modules/libsignal/src/queue_job.js:21:29)","name":"SessionError"},"msg":"failed to decrypt message"}
2026-02-09T10:20:36.096182+00:00 app[web.1]: {"level":50,"time":1770632436095,"pid":2,"hostname":"157b3caf-4fe6-4831-bd40-0f36d3e3d6df","error":{"data":429,"isBoom":true,"isServer":true,"output":{"statusCode":500,"payload":{"statusCode":500,"error":"Internal Server Error","message":"An internal server error occurred"},"headers":{}}},"node":{"tag":"message","attrs":{"from":"120363362839073981@g.us","type":"text","id":"DREADED-691F5676E6DE072323","participant":"17584216924380:71@lid","offline":"0","participant_pn":"254106727593@s.whatsapp.net","notify":"Ibrahim Adams","addressing_mode":"lid","t":"1770574605"},"content":[{"tag":"enc","attrs":{"v":"2","type":"pkmsg"},"content":{"type":"Buffer","data":[51,18,33,5,12,104,148,160,37,102,242,114,195,16,244,27,150,68,183,102,64,253,87,55,253,123,227,179,252,177,5,238,75,182,24,91,26,33,5,2,30,83,200,59,191,26,8,64,102,245,26,222,163,235,231,8,69,69,66,180,102,31,186,0,162,136,60,119,20,88,93,34,179,1,51,10,33,5,244,210,194,173,106,219,101,17,98,63,101,168,226,73,99,129,145,203,139,112,159,191,158,60,126,129,231,118,46,190,27,75,16,119,24,0,34,128,1,78,30,41,119,102,211,129,75,60,161,163,88,121,82,188,10,214,231,82,205,210,26,48,130,246,57,167,118,102,23,129,98,159,213,43,190,232,33,228,207,197,217,200,83,67,80,84,145,3,144,208,106,198,95,74,238,91,178,225,154,218,191,42,189,10,67,140,28,107,205,45,222,129,25,211,53,80,81,185,103,154,140,212,34,149,126,119,27,88,72,255,15,51,231,6,136,127,152,19,235,60,150,7,120,56,232,212,196,7,121,7,70,151,200,57,68,56,241,131,86,201,172,115,130,18,91,46,43,39,53,55,55,145,219,33,166,40,22,48,1]}},{"tag":"reporting","attrs":{},"content":[{"tag":"reporting_tag","attrs":{},"content":{"type":"Buffer","data":[1,15,58,67,193,12,149,104,188,44,173,101,68,99,30,115]}}]},{"tag":"device-identity","attrs":{},"content":{"type":"Buffer","data":[10,18,8,134,229,220,130,1,16,241,192,157,204,6,24,1,32,0,40,0,18,32,234,135,21,90,50,33,155,144,3,85,170,16,156,4,198,132,148,56,207,16,172,51,118,169,244,166,198,175,140,127,106,102,26,64,210,159,195,113,95,129,67,244,35,126,61,40,195,187,10,163,9,55,7,247,229,231,25,2,4,237,61,125,58,151,27,161,117,78,15,167,82,74,44,182,76,128,144,129,208,8,67,255,29,183,146,77,141,107,156,191,79,93,195,75,15,1,89,4,34,64,173,213,91,201,119,139,158,248,27,30,73,77,43,114,23,15,75,244,168,89,112,156,57,156,234,249,188,106,255,236,185,158,170,215,151,133,154,10,216,123,246,120,37,88,255,144,100,94,223,186,114,11,148,217,63,185,245,21,105,162,58,134,193,142]}},{"tag":"enc","attrs":{"v":"2","type":"skmsg"},"content":{"type":"Buffer","data":[51,8,200,205,179,251,5,16,246,4,26,176,2,126,83,181,91,125,166,93,158,155,59,66,53,122,73,8,154,53,212,249,50,62,229,130,72,45,22,115,212,106,164,103,7,168,158,175,48,210,72,151,211,58,68,18,207,75,159,149,218,34,25,211,32,94,81,182,137,236,50,211,229,96,182,212,77,123,161,174,56,69,19,48,228,231,86,67,18,153,103,96,185,71,16,82,178,78,253,16,54,3,92,112,97,218,18,190,102,144,11,241,133,210,242,34,149,82,119,154,148,206,22,245,132,248,230,56,195,74,123,217,36,77,52,36,3,199,245,56,140,132,220,22,75,32,150,45,124,2,251,126,239,192,143,146,101,231,5,170,17,46,80,170,46,140,24,62,181,231,211,250,218,236,157,31,138,83,113,73,12,3,106,126,191,16,156,119,11,49,252,1,208,193,254,224,82,65,157,177,230,242,20,45,38,60,229,86,167,57,63,249,210,3,190,97,57,84,182,12,136,193,112,154,156,228,142,141,222,167,111,168,69,83,248,51,65,95,36,231,3,207,175,177,225,91,49,25,155,158,182,219,240,61,165,194,19,89,116,185,34,8,218,99,161,215,166,146,202,31,96,12,137,193,16,173,125,217,99,175,150,16,166,180,199,186,43,78,43,127,132,23,127,133,29,76,6,191,101,19,181,161,252,117,171,128,156,56,12,33,29,35,25,16,24,157,164,87,113,156,85,26,66,43,117,18,186,40,121,21,70,172,175,45,43,190,79,211,254,139,106,27,87,218,7,238,194,232,47,90,47,199,118,173,130,161,211,23,202,169,63,2,63,52,227,235,146,228,63,90,26,36,53,251,247,17,35,246,16,38,141]}}]},"msg":"error in handling message"}
2026-02-09T10:20:36.137848+00:00 app[web.1]: {"level":50,"time":1770632436137,"pid":2,"hostname":"157b3caf-4fe6-4831-bd40-0f36d3e3d6df","error":{"data":429,"isBoom":true,"isServer":true,"output":{"statusCode":500,"payload":{"statusCode":500,"error":"Internal Server Error","message":"An internal server error occurred"},"headers":{}}},"node":{"tag":"message","attrs":{"from":"120363362839073981@g.us","type":"text","id":"DREADED-1A22DE3A5D7F9EB503","participant":"17584216924380:71@lid","offline":"0","participant_pn":"254106727593@s.whatsapp.net","notify":"Ibrahim Adams","addressing_mode":"lid","t":"1770574607"},"content":[{"tag":"enc","attrs":{"v":"2","type":"pkmsg"},"content":{"type":"Buffer","data":[51,18,33,5,12,104,148,160,37,102,242,114,195,16,244,27,150,68,183,102,64,253,87,55,253,123,227,179,252,177,5,238,75,182,24,91,26,33,5,2,30,83,200,59,191,26,8,64,102,245,26,222,163,235,231,8,69,69,66,180,102,31,186,0,162,136,60,119,20,88,93,34,179,1,51,10,33,5,244,210,194,173,106,219,101,17,98,63,101,168,226,73,99,129,145,203,139,112,159,191,158,60,126,129,231,118,46,190,27,75,16,120,24,0,34,128,1,125,33,116,193,162,210,54,209,26,240,83,135,66,172,223,102,184,172,172,198,203,179,184,221,159,94,76,151,219,23,97,67,159,152,194,209,110,137,87,227,3,152,82,100,141,31,2,105,11,12,134,165,76,121,33,37,65,142,168,253,10,170,214,253,27,68,194,127,169,24,78,155,29,67,60,99,56,14,165,72,6,128,199,52,117,32,72,131,226,173,213,30,84,242,22,168,249,40,16,3,50,104,172,2,115,254,223,78,93,181,2,191,210,39,250,131,236,210,78,27,170,46,100,224,200,19,102,215,93,86,226,116,200,103,8,82,40,22,48,1]}},{"tag":"reporting","attrs":{},"content":[{"tag":"reporting_tag","attrs":{},"content":{"type":"Buffer","data":[1,15,9,85,106,100,85,62,179,116,89,231,10,134,95,189]}}]},{"tag":"device-identity","attrs":{},"content":{"type":"Buffer","data":[10,18,8,134,229,220,130,1,16,241,192,157,204,6,24,1,32,0,40,0,18,32,234,135,21,90,50,33,155,144,3,85,170,16,156,4,198,132,148,56,207,16,172,51,118,169,244,166,198,175,140,127,106,102,26,64,210,159,195,113,95,129,67,244,35,126,61,40,195,187,10,163,9,55,7,247,229,231,25,2,4,237,61,125,58,151,27,161,117,78,15,167,82,74,44,182,76,128,144,129,208,8,67,255,29,183,146,77,141,107,156,191,79,93,195,75,15,1,89,4,34,64,173,213,91,201,119,139,158,248,27,30,73,77,43,114,23,15,75,244,168,89,112,156,57,156,234,249,188,106,255,236,185,158,170,215,151,133,154,10,216,123,246,120,37,88,255,144,100,94,223,186,114,11,148,217,63,185,245,21,105,162,58,134,193,142]}},{"tag":"enc","attrs":{"v":"2","type":"skmsg"},"content":{"type":"Buffer","data":[51,8,200,205,179,251,5,16,248,4,26,208,3,127,17,113,30,60,242,180,109,207,73,75,55,232,189,139,149,199,28,3,101,73,72,79,105,158,210,139,242,198,102,62,193,244,2,1,173,124,228,112,214,109,23,103,200,90,36,23,167,210,5,159,7,209,54,178,248,253,169,38,128,255,81,163,206,185,49,26,219,191,123,212,217,237,218,179,64,157,77,11,49,87,29,129,112,86,157,167,143,119,14,64,87,141,178,172,87,216,94,20,57,105,235,76,204,217,193,130,181,198,213,22,98,165,246,137,169,10,82,73,120,240,95,143,172,2,243,49,60,227,30,90,59,229,55,203,212,29,20,136,223,149,202,70,214,130,170,214,207,195,222,121,111,83,183,91,71,184,30,133,235,28,129,4,211,123,176,84,75,116,112,185,246,218,153,211,45,42,66,205,16,11,109,142,224,134,42,211,212,117,107,143,148,50,187,115,231,109,146,85,13,180,88,13,96,43,252,20,80,195,235,251,24,254,94,134,179,136,221,188,0,15,29,230,76,195,18,89,139,128,91,220,45,146,19,223,92,239,67,18,255,187,21,71,36,62,138,133,184,194,37,129,239,208,237,204,248,177,135,44,190,65,225,103,133,174,209,227,185,255,92,140,222,172,1,228,52,128,27,49,160,9,153,87,76,250,187,37,38,118,112,65,245,236,202,30,178,127,21,101,242,167,157,76,177,205,0,142,153,234,211,94,91,86,154,15,193,31,147,234,56,178,107,95,115,64,61,9,118,139,191,177,227,150,42,64,32,222,170,254,90,69,141,181,102,72,205,166,122,38,165,196,15,199,37,208,224,56,147,156,128,133,45,239,48,109,84,13,22,13,173,86,216,10,156,96,210,180,248,174,205,252,5,29,18,221,253,196,22,194,83,64,234,252,53,176,111,107,101,98,151,99,77,109,246,95,108,234,91,2,84,159,147,26,185,30,157,229,97,53,253,119,183,188,61,207,122,104,66,28,19,118,152,221,236,170,115,16,182,156,236,34,131,157,1,5,130,199,84,197,80,38,2,109,206,189,174,106,18,154,181,98,217,0,158,36,204,213,69,186,147,117,140,58,143,225,205,13,92,23,36,1,126,250,164,66,216,134,14,1,88,155,50,163,134,29,226,40,248,67,95,211,42,106,154,17,112,62,76,214,98,195,173,54,96,84,9,98,66,177,0,66,36,81,233,120,101,140,128]}}]},"msg":"error in handling message"}
2026-02-09T10:20:36.195544+00:00 app[web.1]: {"level":50,"time":1770632436195,"pid":2,"hostname":"157b3caf-4fe6-4831-bd40-0f36d3e3d6df","error":{"data":429,"isBoom":true,"isServer":true,"output":{"statusCode":500,"payload":{"statusCode":500,"error":"Internal Server Error","message":"An internal server error occurred"},"headers":{}}},"node":{"tag":"message","attrs":{"from":"120363362839073981@g.us","type":"text","id":"DREADED-2841FA45FAD7DED8A8","participant":"17584216924380:71@lid","offline":"0","participant_pn":"254106727593@s.whatsapp.net","notify":"Ibrahim Adams","addressing_mode":"lid","t":"1770574611"},"content":[{"tag":"enc","attrs":{"v":"2","type":"pkmsg"},"content":{"type":"Buffer","data":[51,18,33,5,12,104,148,160,37,102,242,114,195,16,244,27,150,68,183,102,64,253,87,55,253,123,227,179,252,177,5,238,75,182,24,91,26,33,5,2,30,83,200,59,191,26,8,64,102,245,26,222,163,235,231,8,69,69,66,180,102,31,186,0,162,136,60,119,20,88,93,34,179,1,51,10,33,5,244,210,194,173,106,219,101,17,98,63,101,168,226,73,99,129,145,203,139,112,159,191,158,60,126,129,231,118,46,190,27,75,16,122,24,0,34,128,1,212,173,44,127,224,118,194,153,147,124,23,11,193,220,132,24,38,84,197,160,28,208,252,237,183,79,120,115,178,151,147,10,82,254,233,14,172,17,138,242,150,195,103,230,243,200,76,33,185,232,47,63,150,151,134,128,248,194,208,109,159,96,114,161,229,18,154,182,75,222,233,181,63,147,125,33,80,192,210,174,225,72,176,201,30,134,22,184,225,121,175,229,66,57,151,94,222,141,190,19,47,109,227,84,156,246,199,61,209,227,85,71,126,206,37,181,245,88,34,161,180,5,114,158,133,72,232,8,56,231,229,211,160,103,33,13,40,22,48,1]}},{"tag":"reporting","attrs":{},"content":[{"tag":"reporting_tag","attrs":{},"content":{"type":"Buffer","data":[1,15,55,116,122,152,16,249,120,12,204,3,66,208,135,63]}}]},{"tag":"device-identity","attrs":{},"content":{"type":"Buffer","data":[10,18,8,134,229,220,130,1,16,241,192,157,204,6,24,1,32,0,40,0,18,32,234,135,21,90,50,33,155,144,3,85,170,16,156,4,198,132,148,56,207,16,172,51,118,169,244,166,198,175,140,127,106,102,26,64,210,159,195,113,95,129,67,244,35,126,61,40,195,187,10,163,9,55,7,247,229,231,25,2,4,237,61,125,58,151,27,161,117,78,15,167,82,74,44,182,76,128,144,129,208,8,67,255,29,183,146,77,141,107,156,191,79,93,195,75,15,1,89,4,34,64,173,213,91,201,119,139,158,248,27,30,73,77,43,114,23,15,75,244,168,89,112,156,57,156,234,249,188,106,255,236,185,158,170,215,151,133,154,10,216,123,246,120,37,88,255,144,100,94,223,186,114,11,148,217,63,185,245,21,105,162,58,134,193,142]}},{"tag":"enc","attrs":{"v":"2","type":"skmsg"},"content":{"type":"Buffer","data":[51,8,200,205,179,251,5,16,252,4,26,176,1,238,216,98,135,200,69,241,98,155,20,9,194,96,184,169,214,129,85,227,49,189,157,102,58,207,212,240,4,215,136,202,73,137,129,97,249,96,79,56,232,179,95,97,62,199,190,162,247,72,40,53,158,209,102,61,107,243,248,4,7,184,25,153,88,214,205,39,171,230,13,215,99,177,223,80,84,185,52,116,81,71,70,57,39,88,236,255,94,174,149,24,230,57,220,122,149,123,106,153,19,138,244,221,184,255,178,169,9,98,77,16,190,142,187,147,22,170,194,43,160,38,226,140,167,201,201,119,218,199,247,233,10,191,40,151,90,70,173,202,250,84,152,64,73,114,168,93,254,255,194,62,217,79,145,28,206,192,60,209,112,164,135,209,103,144,92,238,157,146,67,221,1,92,78,86,164,26,102,143,149,150,0,1,106,165,105,17,130,241,94,74,254,184,28,164,9,213,127,40,219,248,11,210,159,109,44,78,101,147,233,174,31,218,191,43,223,191,176,32,194,108,92,154,73,189,1,211,130,131,212,26,140,140,119,142,11,208,250,67,138]}}]},"msg":"error in handling message"}
2026-02-09T10:20:36.235452+00:00 app[web.1]: {"level":50,"time":1770632436235,"pid":2,"hostname":"157b3caf-4fe6-4831-bd40-0f36d3e3d6df","error":{"data":429,"isBoom":true,"isServer":true,"output":{"statusCode":500,"payload":{"statusCode":500,"error":"Internal Server Error","message":"An internal server error occurred"},"headers":{}}},"node":{"tag":"message","attrs":{"from":"120363362839073981@g.us","type":"text","id":"DREADED-7EE2172185080B34F9","participant":"17584216924380:71@lid","offline":"0","participant_pn":"254106727593@s.whatsapp.net","notify":"Ibrahim Adams","addressing_mode":"lid","t":"1770574614"},"content":[{"tag":"enc","attrs":{"v":"2","type":"pkmsg"},"content":{"type":"Buffer","data":[51,18,33,5,12,104,148,160,37,102,242,114,195,16,244,27,150,68,183,102,64,253,87,55,253,123,227,179,252,177,5,238,75,182,24,91,26,33,5,2,30,83,200,59,191,26,8,64,102,245,26,222,163,235,231,8,69,69,66,180,102,31,186,0,162,136,60,119,20,88,93,34,162,1,51,10,33,5,244,210,194,173,106,219,101,17,98,63,101,168,226,73,99,129,145,203,139,112,159,191,158,60,126,129,231,118,46,190,27,75,16,123,24,0,34,112,126,170,140,115,76,75,33,219,195,233,137,191,250,131,11,162,149,193,156,193,126,151,164,17,192,30,165,6,126,64,170,128,151,81,17,216,200,79,165,234,142,60,90,38,20,179,43,196,61,97,94,35,250,76,156,198,118,203,83,36,246,99,229,71,170,33,71,170,69,228,14,115,80,246,185,226,240,187,151,154,135,72,69,75,193,140,248,224,220,15,228,63,251,241,35,27,227,251,13,206,199,66,56,6,89,127,79,150,197,173,243,57,14,63,37,112,131,34,16,42,40,22,48,1]}},{"tag":"reporting","attrs":{},"content":[{"tag":"reporting_tag","attrs":{},"content":{"type":"Buffer","data":[1,15,65,134,51,44,230,95,191,7,203,14,154,150,244,241]}}]},{"tag":"device-identity","attrs":{},"content":{"type":"Buffer","data":[10,18,8,134,229,220,130,1,16,241,192,157,204,6,24,1,32,0,40,0,18,32,234,135,21,90,50,33,155,144,3,85,170,16,156,4,198,132,148,56,207,16,172,51,118,169,244,166,198,175,140,127,106,102,26,64,210,159,195,113,95,129,67,244,35,126,61,40,195,187,10,163,9,55,7,247,229,231,25,2,4,237,61,125,58,151,27,161,117,78,15,167,82,74,44,182,76,128,144,129,208,8,67,255,29,183,146,77,141,107,156,191,79,93,195,75,15,1,89,4,34,64,173,213,91,201,119,139,158,248,27,30,73,77,43,114,23,15,75,244,168,89,112,156,57,156,234,249,188,106,255,236,185,158,170,215,151,133,154,10,216,123,246,120,37,88,255,144,100,94,223,186,114,11,148,217,63,185,245,21,105,162,58,134,193,142]}},{"tag":"enc","attrs":{"v":"2","type":"skmsg"},"content":{"type":"Buffer","data":[51,8,200,205,179,251,5,16,254,4,26,128,5,0,236,180,182,57,196,57,63,251,81,100,163,17,68,48,75,234,137,165,126,38,131,29,254,92,138,117,178,120,0,117,244,14,107,217,219,239,199,80,54,32,120,196,110,233,120,202,166,74,87,178,26,99,88,98,174,186,123,116,162,173,176,241,171,7,96,72,29,45,185,57,225,128,62,78,20,90,208,45,154,232,25,211,243,22,204,112,35,23,154,80,143,29,210,224,232,113,77,194,138,182,115,49,52,89,200,37,66,125,12,154,143,61,61,65,190,114,215,49,87,163,186,131,41,5,71,145,209,196,60,21,184,161,35,231,152,103,34,150,157,253,40,187,206,220,180,227,255,81,204,10,238,170,161,24,93,217,48,132,53,180,55,183,242,71,210,78,53,92,11,237,121,40,26,193,152,202,65,132,136,225,10,60,174,148,139,169,54,38,93,57,124,14,205,155,88,209,81,153,208,94,56,58,229,21,4,80,135,170,104,219,39,171,158,109,235,12,25,208,253,152,2,163,171,48,252,30,57,103,8,182,20,81,79,28,65,154,126,229,121,178,245,92,138,238,109,182,32,79,12,135,123,40,25,190,103,110,24,64,199,137,16,33,147,68,35,197,11,118,82,132,13,138,128,123,77,15,60,135,150,82,115,189,137,209,254,96,56,223,185,119,11,61,72,189,21,216,89,49,97,228,144,129,87,174,252,198,176,200,167,115,53,167,111,13,5,194,28,214,77,195,189,81,134,165,113,222,8,71,54,186,204,162,104,150,238,219,195,86,201,158,99,72,143,123,85,91,31,203,164,228,146,220,49,12,166,183,33,120,120,142,142,177,157,182,173,103,171,156,165,17,56,2,144,97,251,111,22,15,48,143,61,76,20,21,218,213,0,74,116,111,225,232,176,115,44,31,206,32,189,157,80,171,109,108,145,254,91,191,94,36,162,21,78,148,14,43,173,166,212,32,152,211,79,240,236,25,72,135,41,108,228,181,246,88,244,7,236,146,171,148,85,80,147,103,108,116,130,173,0,50,187,117,32,148,96,113,150,123,135,61,95,195,225,16,76,202,134,150,119,149,233,177,30,176,134,45,105,254,82,102,46,128,2,197,159,2,175,237,189,21,41,109,109,66,130,119,129,205,16,55,174,131,27,85,200,215,229,119,129,108,112,202,141,148,115,230,77,70,81,116,51,214,9,161,9,2,125,50,100,116,131,73,12,116,249,79,135,118,103,2,122,227,41,173,204,177,224,79,206,76,80,212,68,73,8,177,76,10,245,8,97,203,227,173,36,15,89,130,97,36,18,125,36,228,135,203,57,203,200,36,59,8,204,82,109,26,186,141,171,215,179,189,243,172,188,162,233,2,127,107,227,159,89,138,111,14,187,253,104,173,252,253,75,27,14,145,136,167,234,44,188,154,114,241,241,73,101,157,238,239,208,33,58,219,227,164,181,147,30,130,17,157,87,166,142,78,44,22,250,124,65,210,107,12,76,11,39,116,180,219,83,39,2,63,76,104,73,61,123,189,175,70,0,3,89,84,215,217,123,96,81,149,181,14,44,85,179,4,63,39,18,15,208,40,251,108,180,163,105,79,164,114,129]}}]},"msg":"error in handling message"}
2026-02-09T10:20:36.305688+00:00 app[web.1]: {"level":50,"time":1770632436305,"pid":2,"hostname":"157b3caf-4fe6-4831-bd40-0f36d3e3d6df","error":{"data":429,"isBoom":true,"isServer":true,"output":{"statusCode":500,"payload":{"statusCode":500,"error":"Internal Server Error","message":"An internal server error occurred"},"headers":{}}},"node":{"tag":"message","attrs":{"from":"120363362839073981@g.us","type":"text","id":"DREADED-7EE2172185080B34F9","participant":"17584216924380:71@lid","offline":"0","participant_pn":"254106727593@s.whatsapp.net","notify":"Ibrahim Adams","addressing_mode":"lid","t":"1770574616"},"content":[{"tag":"enc","attrs":{"v":"2","type":"pkmsg"},"content":{"type":"Buffer","data":[51,18,33,5,12,104,148,160,37,102,242,114,195,16,244,27,150,68,183,102,64,253,87,55,253,123,227,179,252,177,5,238,75,182,24,91,26,33,5,2,30,83,200,59,191,26,8,64,102,245,26,222,163,235,231,8,69,69,66,180,102,31,186,0,162,136,60,119,20,88,93,34,179,1,51,10,33,5,244,210,194,173,106,219,101,17,98,63,101,168,226,73,99,129,145,203,139,112,159,191,158,60,126,129,231,118,46,190,27,75,16,124,24,0,34,128,1,170,163,173,131,188,171,103,239,140,130,245,224,167,70,169,139,231,69,142,220,127,171,2,98,203,186,108,38,253,170,29,19,97,183,14,1,6,13,196,27,215,55,194,33,31,235,78,40,10,100,115,91,220,8,118,52,10,208,109,78,181,91,146,125,191,125,16,108,176,182,238,194,250,4,55,33,253,223,165,129,201,56,202,120,206,127,18,1,28,44,145,207,169,109,237,157,238,138,64,102,8,82,213,18,43,62,56,240,225,192,170,35,41,35,115,76,74,112,210,95,51,113,66,201,133,39,81,61,29,76,192,163,8,2,223,221,40,22,48,1]}},{"tag":"reporting","attrs":{},"content":[{"tag":"reporting_tag","attrs":{},"content":{"type":"Buffer","data":[1,15,192,186,157,91,226,124,88,213,61,91,202,160,232,198]}}]},{"tag":"device-identity","attrs":{},"content":{"type":"Buffer","data":[10,18,8,134,229,220,130,1,16,241,192,157,204,6,24,1,32,0,40,0,18,32,234,135,21,90,50,33,155,144,3,85,170,16,156,4,198,132,148,56,207,16,172,51,118,169,244,166,198,175,140,127,106,102,26,64,210,159,195,113,95,129,67,244,35,126,61,40,195,187,10,163,9,55,7,247,229,231,25,2,4,237,61,125,58,151,27,161,117,78,15,167,82,74,44,182,76,128,144,129,208,8,67,255,29,183,146,77,141,107,156,191,79,93,195,75,15,1,89,4,34,64,173,213,91,201,119,139,158,248,27,30,73,77,43,114,23,15,75,244,168,89,112,156,57,156,234,249,188,106,255,236,185,158,170,215,151,133,154,10,216,123,246,120,37,88,255,144,100,94,223,186,114,11,148,217,63,185,245,21,105,162,58,134,193,142]}},{"tag":"enc","attrs":{"v":"2","type":"skmsg"},"content":{"type":"Buffer","data":[51,8,200,205,179,251,5,16,128,5,26,128,5,134,131,150,217,74,100,78,153,97,226,88,176,178,41,157,75,120,213,108,14,241,162,80,187,8,206,27,10,115,95,21,181,201,253,110,253,214,188,149,63,192,145,109,157,123,234,252,147,236,154,104,244,239,206,100,181,157,26,253,80,101,90,12,194,152,187,58,202,75,110,111,173,125,24,213,190,168,92,234,45,250,97,218,115,171,186,133,62,152,163,138,3,116,150,129,142,175,27,133,203,221,2,144,52,34,206,23,194,217,195,209,60,26,189,157,213,64,210,134,254,238,120,232,157,254,118,24,61,43,227,13,26,42,66,19,88,150,32,199,84,217,75,32,204,214,63,3,153,209,121,205,42,117,87,19,111,9,238,96,66,55,149,103,226,160,195,0,102,88,41,245,223,191,199,194,114,21,221,82,194,212,162,103,20,253,115,3,148,226,248,73,144,54,35,233,117,83,242,95,134,154,40,81,60,145,240,210,219,127,241,252,163,173,55,236,139,26,6,201,172,38,217,151,64,68,127,223,178,242,143,90,55,173,87,93,192,74,58,35,191,122,0,48,202,204,133,177,26,158,13,163,35,176,166,128,46,149,228,186,117,49,110,9,141,39,111,154,111,145,254,34,224,119,46,10,138,75,58,207,215,127,37,129,191,196,188,56,34,254,74,174,95,114,215,229,5,25,213,206,31,111,1,77,39,104,200,130,6,212,190,115,87,183,131,84,101,50,230,249,131,197,91,227,40,171,175,87,201,24,72,30,11,33,173,86,124,142,13,71,73,79,81,54,169,74,192,73,197,255,241,94,175,126,254,28,223,35,188,243,242,142,89,61,124,114,93,81,105,132,204,202,219,47,136,70,64,143,206,239,191,113,119,168,86,18,84,219,142,139,172,110,70,238,198,92,53,68,44,53,70,176,7,240,216,168,65,127,253,71,11,241,196,112,143,210,118,205,167,161,37,179,70,255,80,207,221,193,153,69,186,220,143,189,42,67,73,246,254,119,59,83,204,82,57,218,245,161,2,79,187,186,97,142,206,19,118,31,123,150,122,220,151,173,242,233,94,26,78,220,236,74,80,187,239,17,190,108,220,202,44,103,241,154,119,22,21,113,214,67,30,129,95,99,204,136,167,108,194,213,117,112,173,84,170,183,173,236,208,100,214,6,117,209,77,179,82,94,170,150,172,229,39,152,114,89,73,240,186,152,222,121,11,245,51,180,51,153,98,217,151,51,198,4,115,111,255,245,170,90,64,101,130,75,252,58,189,142,202,27,193,92,196,119,124,146,33,244,215,27,11,191,3,110,72,36,182,224,195,104,67,122,199,254,216,76,244,95,100,228,142,252,200,194,109,195,210,200,97,138,232,205,155,110,246,206,77,182,145,207,54,248,109,37,242,188,129,100,184,11,134,209,73,106,40,111,91,200,231,112,30,147,201,234,19,49,198,39,167,131,187,120,30,22,214,168,46,164,102,114,238,151,211,219,143,63,141,191,131,71,176,189,14,220,108,164,100,220,142,69,28,75,240,209,79,136,77,143,122,224,48,189,174,31,19,10,215,146,95,40,73,32,182,18,14,55,134,101,239,245,208,144,4,90,143]}}]},"msg":"error in handling message"}
2026-02-09T10:20:17.258664+00:00 app[api]: Scaled to web@0:Basic by user sylivanus@silvatech.top
2026-02-09T10:20:21.564089+00:00 app[api]: Scaled to web@1:Basic by user sylivanus@silvatech.top
2026-02-09T10:20:26.249123+00:00 app[api]: Log session created by user sylivanus@silvatech.top